 Eigenvalues: 
 Lambda            1    -9.1127192597406648E-017
 Lambda            2     1.0000000000000000     
 Lambda            3     3.0000000000000000     
  
 Orthonormal eigenvectors: 
 Lambda            1   (-0.57735026918962573     ,  0.0000000000000000     ) (  0.0000000000000000     ,  0.0000000000000000     ) (-0.81649658092772603     ,  0.0000000000000000     )
 Lambda            2   ( 0.57735026918962573     , -0.0000000000000000     ) (-0.70710678118654757     ,  0.0000000000000000     ) (-0.40824829046386296     ,  0.0000000000000000     )
 Lambda            3   ( 0.57735026918962584     ,  0.0000000000000000     ) ( 0.70710678118654746     ,  0.0000000000000000     ) (-0.40824829046386302     ,  0.0000000000000000     )
  
 Diagonalised: 
 (  1.2325951644078309E-032,  0.0000000000000000     ) (  7.8504622934188746E-017,  0.0000000000000000     ) ( -1.3597399555105182E-016,  0.0000000000000000     )
 (  7.3319171914332237E-017,  0.0000000000000000     ) (  1.0000000000000000     ,  0.0000000000000000     ) (  1.1928934402771763E-016,  0.0000000000000000     )
 ( -9.5084530526978739E-017,  0.0000000000000000     ) (  1.0327025692924430E-016,  0.0000000000000000     ) (  2.9999999999999996     ,  0.0000000000000000     )
